x   y   class
 1.00000	 0.00000	0.0
-1.00000	-0.00000	1.0
 0.99885	 0.01961	0.0
-0.99885	-0.01961	1.0
 0.99731	 0.03918	0.0
-0.99731	-0.03918	1.0
 0.99539	 0.05870	0.0
-0.99539	-0.05870	1.0
 0.99308	 0.07816	0.0
-0.99308	-0.07816	1.0
 0.99040	 0.09755	0.0
-0.99040	-0.09755	1.0
 0.98734	 0.11686	0.0
-0.98734	-0.11686	1.0
 0.98390	 0.13609	0.0
-0.98390	-0.13609	1.0
 0.98009	 0.15523	0.0
-0.98009	-0.15523	1.0
 0.97591	 0.17427	0.0
-0.97591	-0.17427	1.0
 0.97135	 0.19321	0.0
-0.97135	-0.19321	1.0
 0.96643	 0.21204	0.0
-0.96643	-0.21204	1.0
 0.96115	 0.23075	0.0
-0.96115	-0.23075	1.0
 0.95550	 0.24934	0.0
-0.95550	-0.24934	1.0
 0.94950	 0.26779	0.0
-0.94950	-0.26779	1.0
 0.94314	 0.28610	0.0
-0.94314	-0.28610	1.0
 0.93642	 0.30426	0.0
-0.93642	-0.30426	1.0
 0.92936	 0.32227	0.0
-0.92936	-0.32227	1.0
 0.92195	 0.34013	0.0
-0.92195	-0.34013	1.0
 0.91420	 0.35781	0.0
-0.91420	-0.35781	1.0
 0.90611	 0.37532	0.0
-0.90611	-0.37532	1.0
 0.89769	 0.39266	0.0
-0.89769	-0.39266	1.0
 0.88893	 0.40980	0.0
-0.88893	-0.40980	1.0
 0.87985	 0.42676	0.0
-0.87985	-0.42676	1.0
 0.87044	 0.44351	0.0
-0.87044	-0.44351	1.0
 0.86072	 0.46007	0.0
-0.86072	-0.46007	1.0
 0.85068	 0.47641	0.0
-0.85068	-0.47641	1.0
 0.84034	 0.49253	0.0
-0.84034	-0.49253	1.0
 0.82968	 0.50843	0.0
-0.82968	-0.50843	1.0
 0.81873	 0.52410	0.0
-0.81873	-0.52410	1.0
 0.80748	 0.53954	0.0
-0.80748	-0.53954	1.0
 0.79595	 0.55474	0.0
-0.79595	-0.55474	1.0
 0.78412	 0.56970	0.0
-0.78412	-0.56970	1.0
 0.77202	 0.58440	0.0
-0.77202	-0.58440	1.0
 0.75964	 0.59885	0.0
-0.75964	-0.59885	1.0
 0.74700	 0.61304	0.0
-0.74700	-0.61304	1.0
 0.73408	 0.62697	0.0
-0.73408	-0.62697	1.0
 0.72091	 0.64062	0.0
-0.72091	-0.64062	1.0
 0.70749	 0.65400	0.0
-0.70749	-0.65400	1.0
 0.69382	 0.66710	0.0
-0.69382	-0.66710	1.0
 0.67991	 0.67991	0.0
-0.67991	-0.67991	1.0
 0.66576	 0.69244	0.0
-0.66576	-0.69244	1.0
 0.65139	 0.70467	0.0
-0.65139	-0.70467	1.0
 0.63679	 0.71660	0.0
-0.63679	-0.71660	1.0
 0.62197	 0.72823	0.0
-0.62197	-0.72823	1.0
 0.60694	 0.73956	0.0
-0.60694	-0.73956	1.0
 0.59171	 0.75058	0.0
-0.59171	-0.75058	1.0
 0.57628	 0.76129	0.0
-0.57628	-0.76129	1.0
 0.56066	 0.77168	0.0
-0.56066	-0.77168	1.0
 0.54485	 0.78175	0.0
-0.54485	-0.78175	1.0
 0.52886	 0.79150	0.0
-0.52886	-0.79150	1.0
 0.51270	 0.80092	0.0
-0.51270	-0.80092	1.0
 0.49637	 0.81001	0.0
-0.49637	-0.81001	1.0
 0.47989	 0.81877	0.0
-0.47989	-0.81877	1.0
 0.46325	 0.82719	0.0
-0.46325	-0.82719	1.0
 0.44647	 0.83528	0.0
-0.44647	-0.83528	1.0
 0.42954	 0.84303	0.0
-0.42954	-0.84303	1.0
 0.41249	 0.85044	0.0
-0.41249	-0.85044	1.0
 0.39531	 0.85750	0.0
-0.39531	-0.85750	1.0
 0.37801	 0.86421	0.0
-0.37801	-0.86421	1.0
 0.36061	 0.87058	0.0
-0.36061	-0.87058	1.0
 0.34309	 0.87660	0.0
-0.34309	-0.87660	1.0
 0.32548	 0.88226	0.0
-0.32548	-0.88226	1.0
 0.30778	 0.88757	0.0
-0.30778	-0.88757	1.0
 0.29000	 0.89253	0.0
-0.29000	-0.89253	1.0
 0.27214	 0.89713	0.0
-0.27214	-0.89713	1.0
 0.25421	 0.90138	0.0
-0.25421	-0.90138	1.0
 0.23623	 0.90526	0.0
-0.23623	-0.90526	1.0
 0.21818	 0.90879	0.0
-0.21818	-0.90879	1.0
 0.20009	 0.91196	0.0
-0.20009	-0.91196	1.0
 0.18196	 0.91477	0.0
-0.18196	-0.91477	1.0
 0.16379	 0.91722	0.0
-0.16379	-0.91722	1.0
 0.14560	 0.91931	0.0
-0.14560	-0.91931	1.0
 0.12740	 0.92104	0.0
-0.12740	-0.92104	1.0
 0.10917	 0.92241	0.0
-0.10917	-0.92241	1.0
 0.09095	 0.92342	0.0
-0.09095	-0.92342	1.0
 0.07273	 0.92407	0.0
-0.07273	-0.92407	1.0
 0.05451	 0.92436	0.0
-0.05451	-0.92436	1.0
 0.03632	 0.92429	0.0
-0.03632	-0.92429	1.0
 0.01814	 0.92386	0.0
-0.01814	-0.92386	1.0
 0.00000	 0.92308	0.0
-0.00000	-0.92308	1.0
-0.01810	 0.92194	0.0
 0.01810	-0.92194	1.0
-0.03616	 0.92044	0.0
 0.03616	-0.92044	1.0
-0.05417	 0.91860	0.0
 0.05417	-0.91860	1.0
-0.07212	 0.91640	0.0
 0.07212	-0.91640	1.0
-0.09001	 0.91385	0.0
 0.09001	-0.91385	1.0
-0.10782	 0.91095	0.0
 0.10782	-0.91095	1.0
-0.12555	 0.90770	0.0
 0.12555	-0.90770	1.0
-0.14320	 0.90411	0.0
 0.14320	-0.90411	1.0
-0.16075	 0.90018	0.0
 0.16075	-0.90018	1.0
-0.17821	 0.89591	0.0
 0.17821	-0.89591	1.0
-0.19556	 0.89130	0.0
 0.19556	-0.89130	1.0
-0.21279	 0.88635	0.0
 0.21279	-0.88635	1.0
-0.22991	 0.88107	0.0
 0.22991	-0.88107	1.0
-0.24691	 0.87546	0.0
 0.24691	-0.87546	1.0
-0.26377	 0.86953	0.0
 0.26377	-0.86953	1.0
-0.28049	 0.86327	0.0
 0.28049	-0.86327	1.0
-0.29707	 0.85668	0.0
 0.29707	-0.85668	1.0
-0.31350	 0.84978	0.0
 0.31350	-0.84978	1.0
-0.32978	 0.84257	0.0
 0.32978	-0.84257	1.0
-0.34589	 0.83504	0.0
 0.34589	-0.83504	1.0
-0.36183	 0.82721	0.0
 0.36183	-0.82721	1.0
-0.37760	 0.81908	0.0
 0.37760	-0.81908	1.0
-0.39319	 0.81064	0.0
 0.39319	-0.81064	1.0
-0.40859	 0.80191	0.0
 0.40859	-0.80191	1.0
-0.42380	 0.79288	0.0
 0.42380	-0.79288	1.0
-0.43882	 0.78357	0.0
 0.43882	-0.78357	1.0
-0.45363	 0.77397	0.0
 0.45363	-0.77397	1.0
-0.46824	 0.76410	0.0
 0.46824	-0.76410	1.0
-0.48263	 0.75395	0.0
 0.48263	-0.75395	1.0
-0.49681	 0.74353	0.0
 0.49681	-0.74353	1.0
-0.51076	 0.73284	0.0
 0.51076	-0.73284	1.0
-0.52449	 0.72189	0.0
 0.52449	-0.72189	1.0
-0.53798	 0.71069	0.0
 0.53798	-0.71069	1.0
-0.55123	 0.69923	0.0
 0.55123	-0.69923	1.0
-0.56424	 0.68753	0.0
 0.56424	-0.68753	1.0
-0.57701	 0.67559	0.0
 0.57701	-0.67559	1.0
-0.58952	 0.66341	0.0
 0.58952	-0.66341	1.0
-0.60178	 0.65101	0.0
 0.60178	-0.65101	1.0
-0.61378	 0.63837	0.0
 0.61378	-0.63837	1.0
-0.62552	 0.62552	0.0
 0.62552	-0.62552	1.0
-0.63699	 0.61245	0.0
 0.63699	-0.61245	1.0
-0.64818	 0.59917	0.0
 0.64818	-0.59917	1.0
-0.65910	 0.58569	0.0
 0.65910	-0.58569	1.0
-0.66974	 0.57201	0.0
 0.66974	-0.57201	1.0
-0.68010	 0.55814	0.0
 0.68010	-0.55814	1.0
-0.69017	 0.54409	0.0
 0.69017	-0.54409	1.0
-0.69996	 0.52985	0.0
 0.69996	-0.52985	1.0
-0.70945	 0.51544	0.0
 0.70945	-0.51544	1.0
-0.71864	 0.50086	0.0
 0.71864	-0.50086	1.0
-0.72754	 0.48612	0.0
 0.72754	-0.48612	1.0
-0.73613	 0.47123	0.0
 0.73613	-0.47123	1.0
-0.74442	 0.45618	0.0
 0.74442	-0.45618	1.0
-0.75240	 0.44099	0.0
 0.75240	-0.44099	1.0
-0.76008	 0.42566	0.0
 0.76008	-0.42566	1.0
-0.76744	 0.41021	0.0
 0.76744	-0.41021	1.0
-0.77449	 0.39462	0.0
 0.77449	-0.39462	1.0
-0.78122	 0.37892	0.0
 0.78122	-0.37892	1.0
-0.78764	 0.36311	0.0
 0.78764	-0.36311	1.0
-0.79374	 0.34719	0.0
 0.79374	-0.34719	1.0
-0.79951	 0.33117	0.0
 0.79951	-0.33117	1.0
-0.80496	 0.31506	0.0
 0.80496	-0.31506	1.0
-0.81009	 0.29886	0.0
 0.81009	-0.29886	1.0
-0.81490	 0.28258	0.0
 0.81490	-0.28258	1.0
-0.81937	 0.26623	0.0
 0.81937	-0.26623	1.0
-0.82352	 0.24981	0.0
 0.82352	-0.24981	1.0
-0.82734	 0.23333	0.0
 0.82734	-0.23333	1.0
-0.83083	 0.21680	0.0
 0.83083	-0.21680	1.0
-0.83399	 0.20022	0.0
 0.83399	-0.20022	1.0
-0.83683	 0.18361	0.0
 0.83683	-0.18361	1.0
-0.83933	 0.16695	0.0
 0.83933	-0.16695	1.0
-0.84150	 0.15027	0.0
 0.84150	-0.15027	1.0
-0.84333	 0.13357	0.0
 0.84333	-0.13357	1.0
-0.84484	 0.11686	0.0
 0.84484	-0.11686	1.0
-0.84602	 0.10013	0.0
 0.84602	-0.10013	1.0
-0.84686	 0.08341	0.0
 0.84686	-0.08341	1.0
-0.84738	 0.06669	0.0
 0.84738	-0.06669	1.0
-0.84757	 0.04998	0.0
 0.84757	-0.04998	1.0
-0.84742	 0.03330	0.0
 0.84742	-0.03330	1.0
-0.84695	 0.01663	0.0
 0.84695	-0.01663	1.0
-0.84615	 0.00000	0.0
 0.84615	-0.00000	1.0
-0.84503	-0.01659	0.0
 0.84503	 0.01659	1.0
-0.84358	-0.03314	0.0
 0.84358	 0.03314	1.0
-0.84181	-0.04964	0.0
 0.84181	 0.04964	1.0
-0.83971	-0.06609	0.0
 0.83971	 0.06609	1.0
-0.83729	-0.08247	0.0
 0.83729	 0.08247	1.0
-0.83456	-0.09878	0.0
 0.83456	 0.09878	1.0
-0.83151	-0.11501	0.0
 0.83151	 0.11501	1.0
-0.82814	-0.13116	0.0
 0.82814	 0.13116	1.0
-0.82446	-0.14723	0.0
 0.82446	 0.14723	1.0
-0.82046	-0.16320	0.0
 0.82046	 0.16320	1.0
-0.81616	-0.17907	0.0
 0.81616	 0.17907	1.0
-0.81155	-0.19484	0.0
 0.81155	 0.19484	1.0
-0.80664	-0.21049	0.0
 0.80664	 0.21049	1.0
-0.80143	-0.22603	0.0
 0.80143	 0.22603	1.0
-0.79592	-0.24144	0.0
 0.79592	 0.24144	1.0
-0.79011	-0.25672	0.0
 0.79011	 0.25672	1.0
-0.78401	-0.27187	0.0
 0.78401	 0.27187	1.0
-0.77762	-0.28688	0.0
 0.77762	 0.28688	1.0
-0.77094	-0.30174	0.0
 0.77094	 0.30174	1.0
-0.76398	-0.31645	0.0
 0.76398	 0.31645	1.0
-0.75674	-0.33100	0.0
 0.75674	 0.33100	1.0
-0.74922	-0.34539	0.0
 0.74922	 0.34539	1.0
-0.74143	-0.35962	0.0
 0.74143	 0.35962	1.0
-0.73337	-0.37367	0.0
 0.73337	 0.37367	1.0
-0.72504	-0.38754	0.0
 0.72504	 0.38754	1.0
-0.71645	-0.40123	0.0
 0.71645	 0.40123	1.0
-0.70761	-0.41474	0.0
 0.70761	 0.41474	1.0
-0.69851	-0.42805	0.0
 0.69851	 0.42805	1.0
-0.68916	-0.44116	0.0
 0.68916	 0.44116	1.0
-0.67957	-0.45407	0.0
 0.67957	 0.45407	1.0
-0.66973	-0.46678	0.0
 0.66973	 0.46678	1.0
-0.65966	-0.47927	0.0
 0.65966	 0.47927	1.0
-0.64936	-0.49155	0.0
 0.64936	 0.49155	1.0
-0.63883	-0.50361	0.0
 0.63883	 0.50361	1.0
-0.62807	-0.51544	0.0
 0.62807	 0.51544	1.0
-0.61710	-0.52705	0.0
 0.61710	 0.52705	1.0
-0.60591	-0.53843	0.0
 0.60591	 0.53843	1.0
-0.59452	-0.54957	0.0
 0.59452	 0.54957	1.0
-0.58292	-0.56047	0.0
 0.58292	 0.56047	1.0
-0.57112	-0.57112	0.0
 0.57112	 0.57112	1.0
-0.55913	-0.58153	0.0
 0.55913	 0.58153	1.0
-0.54696	-0.59169	0.0
 0.54696	 0.59169	1.0
-0.53460	-0.60160	0.0
 0.53460	 0.60160	1.0
-0.52206	-0.61125	0.0
 0.52206	 0.61125	1.0
-0.50934	-0.62064	0.0
 0.50934	 0.62064	1.0
-0.49647	-0.62976	0.0
 0.49647	 0.62976	1.0
-0.48343	-0.63862	0.0
 0.48343	 0.63862	1.0
-0.47023	-0.64721	0.0
 0.47023	 0.64721	1.0
-0.45688	-0.65553	0.0
 0.45688	 0.65553	1.0
-0.44339	-0.66358	0.0
 0.44339	 0.66358	1.0
-0.42976	-0.67134	0.0
 0.42976	 0.67134	1.0
-0.41599	-0.67883	0.0
 0.41599	 0.67883	1.0
-0.40209	-0.68604	0.0
 0.40209	 0.68604	1.0
-0.38808	-0.69296	0.0
 0.38808	 0.69296	1.0
-0.37394	-0.69960	0.0
 0.37394	 0.69960	1.0
-0.35970	-0.70595	0.0
 0.35970	 0.70595	1.0
-0.34535	-0.71201	0.0
 0.34535	 0.71201	1.0
-0.33090	-0.71778	0.0
 0.33090	 0.71778	1.0
-0.31636	-0.72326	0.0
 0.31636	 0.72326	1.0
-0.30173	-0.72844	0.0
 0.30173	 0.72844	1.0
-0.28702	-0.73333	0.0
 0.28702	 0.73333	1.0
-0.27223	-0.73792	0.0
 0.27223	 0.73792	1.0
-0.25738	-0.74222	0.0
 0.25738	 0.74222	1.0
-0.24246	-0.74621	0.0
 0.24246	 0.74621	1.0
-0.22748	-0.74991	0.0
 0.22748	 0.74991	1.0
-0.21245	-0.75331	0.0
 0.21245	 0.75331	1.0
-0.19738	-0.75640	0.0
 0.19738	 0.75640	1.0
-0.18227	-0.75920	0.0
 0.18227	 0.75920	1.0
-0.16712	-0.76169	0.0
 0.16712	 0.76169	1.0
-0.15195	-0.76388	0.0
 0.15195	 0.76388	1.0
-0.13675	-0.76577	0.0
 0.13675	 0.76577	1.0
-0.12154	-0.76736	0.0
 0.12154	 0.76736	1.0
-0.10632	-0.76864	0.0
 0.10632	 0.76864	1.0
-0.09109	-0.76963	0.0
 0.09109	 0.76963	1.0
-0.07587	-0.77031	0.0
 0.07587	 0.77031	1.0
-0.06065	-0.77069	0.0
 0.06065	 0.77069	1.0
-0.04546	-0.77078	0.0
 0.04546	 0.77078	1.0
-0.03028	-0.77056	0.0
 0.03028	 0.77056	1.0
-0.01512	-0.77004	0.0
 0.01512	 0.77004	1.0
-0.00000	-0.76923	0.0
 0.00000	 0.76923	1.0
 0.01508	-0.76812	0.0
-0.01508	 0.76812	1.0
 0.03012	-0.76672	0.0
-0.03012	 0.76672	1.0
 0.04512	-0.76502	0.0
-0.04512	 0.76502	1.0
 0.06005	-0.76303	0.0
-0.06005	 0.76303	1.0
 0.07493	-0.76074	0.0
-0.07493	 0.76074	1.0
 0.08974	-0.75817	0.0
-0.08974	 0.75817	1.0
 0.10447	-0.75531	0.0
-0.10447	 0.75531	1.0
 0.11913	-0.75216	0.0
-0.11913	 0.75216	1.0
 0.13371	-0.74873	0.0
-0.13371	 0.74873	1.0
 0.14819	-0.74502	0.0
-0.14819	 0.74502	1.0
 0.16259	-0.74103	0.0
-0.16259	 0.74103	1.0
 0.17688	-0.73676	0.0
-0.17688	 0.73676	1.0
 0.19107	-0.73221	0.0
-0.19107	 0.73221	1.0
 0.20515	-0.72739	0.0
-0.20515	 0.72739	1.0
 0.21911	-0.72231	0.0
-0.21911	 0.72231	1.0
 0.23295	-0.71695	0.0
-0.23295	 0.71695	1.0
 0.24667	-0.71133	0.0
-0.24667	 0.71133	1.0
 0.26025	-0.70545	0.0
-0.26025	 0.70545	1.0
 0.27370	-0.69931	0.0
-0.27370	 0.69931	1.0
 0.28701	-0.69291	0.0
-0.28701	 0.69291	1.0
 0.30018	-0.68626	0.0
-0.30018	 0.68626	1.0
 0.31319	-0.67936	0.0
-0.31319	 0.67936	1.0
 0.32605	-0.67222	0.0
-0.32605	 0.67222	1.0
 0.33875	-0.66483	0.0
-0.33875	 0.66483	1.0
 0.35128	-0.65720	0.0
-0.35128	 0.65720	1.0
 0.36365	-0.64934	0.0
-0.36365	 0.64934	1.0
 0.37584	-0.64124	0.0
-0.37584	 0.64124	1.0
 0.38785	-0.63292	0.0
-0.38785	 0.63292	1.0
 0.39969	-0.62437	0.0
-0.39969	 0.62437	1.0
 0.41134	-0.61561	0.0
-0.41134	 0.61561	1.0
 0.42279	-0.60662	0.0
-0.42279	 0.60662	1.0
 0.43406	-0.59743	0.0
-0.43406	 0.59743	1.0
 0.44512	-0.58802	0.0
-0.44512	 0.58802	1.0
 0.45599	-0.57842	0.0
-0.45599	 0.57842	1.0
 0.46665	-0.56861	0.0
-0.46665	 0.56861	1.0
 0.47709	-0.55861	0.0
-0.47709	 0.55861	1.0
 0.48733	-0.54841	0.0
-0.48733	 0.54841	1.0
 0.49735	-0.53803	0.0
-0.49735	 0.53803	1.0
 0.50715	-0.52747	0.0
-0.50715	 0.52747	1.0
 0.51673	-0.51673	0.0
-0.51673	 0.51673	1.0
 0.52608	-0.50582	0.0
-0.52608	 0.50582	1.0
 0.53521	-0.49474	0.0
-0.53521	 0.49474	1.0
 0.54410	-0.48350	0.0
-0.54410	 0.48350	1.0
 0.55276	-0.47210	0.0
-0.55276	 0.47210	1.0
 0.56118	-0.46055	0.0
-0.56118	 0.46055	1.0
 0.56935	-0.44884	0.0
-0.56935	 0.44884	1.0
 0.57729	-0.43700	0.0
-0.57729	 0.43700	1.0
 0.58498	-0.42501	0.0
-0.58498	 0.42501	1.0
 0.59242	-0.41290	0.0
-0.59242	 0.41290	1.0
 0.59962	-0.40065	0.0
-0.59962	 0.40065	1.0
 0.60656	-0.38828	0.0
-0.60656	 0.38828	1.0
 0.61325	-0.37580	0.0
-0.61325	 0.37580	1.0
 0.61968	-0.36320	0.0
-0.61968	 0.36320	1.0
 0.62585	-0.35049	0.0
-0.62585	 0.35049	1.0
 0.63176	-0.33768	0.0
-0.63176	 0.33768	1.0
 0.63741	-0.32478	0.0
-0.63741	 0.32478	1.0
 0.64280	-0.31178	0.0
-0.64280	 0.31178	1.0
 0.64793	-0.29870	0.0
-0.64793	 0.29870	1.0
 0.65278	-0.28553	0.0
-0.65278	 0.28553	1.0
 0.65738	-0.27229	0.0
-0.65738	 0.27229	1.0
 0.66170	-0.25898	0.0
-0.66170	 0.25898	1.0
 0.66576	-0.24561	0.0
-0.66576	 0.24561	1.0
 0.66954	-0.23218	0.0
-0.66954	 0.23218	1.0
 0.67306	-0.21869	0.0
-0.67306	 0.21869	1.0
 0.67630	-0.20515	0.0
-0.67630	 0.20515	1.0
 0.67927	-0.19157	0.0
-0.67927	 0.19157	1.0
 0.68197	-0.17796	0.0
-0.68197	 0.17796	1.0
 0.68440	-0.16431	0.0
-0.68440	 0.16431	1.0
 0.68655	-0.15063	0.0
-0.68655	 0.15063	1.0
 0.68844	-0.13694	0.0
-0.68844	 0.13694	1.0
 0.69005	-0.12323	0.0
-0.69005	 0.12323	1.0
 0.69138	-0.10950	0.0
-0.69138	 0.10950	1.0
 0.69245	-0.09578	0.0
-0.69245	 0.09578	1.0
 0.69324	-0.08205	0.0
-0.69324	 0.08205	1.0
 0.69376	-0.06833	0.0
-0.69376	 0.06833	1.0
 0.69401	-0.05462	0.0
-0.69401	 0.05462	1.0
 0.69399	-0.04093	0.0
-0.69399	 0.04093	1.0
 0.69370	-0.02726	0.0
-0.69370	 0.02726	1.0
 0.69314	-0.01361	0.0
-0.69314	 0.01361	1.0
 0.69231	-0.00000	0.0
-0.69231	 0.00000	1.0
 0.69121	 0.01357	0.0
-0.69121	-0.01357	1.0
 0.68985	 0.02710	0.0
-0.68985	-0.02710	1.0
 0.68823	 0.04059	0.0
-0.68823	-0.04059	1.0
 0.68634	 0.05402	0.0
-0.68634	-0.05402	1.0
 0.68419	 0.06739	0.0
-0.68419	-0.06739	1.0
 0.68178	 0.08069	0.0
-0.68178	-0.08069	1.0
 0.67911	 0.09393	0.0
-0.67911	-0.09393	1.0
 0.67619	 0.10710	0.0
-0.67619	-0.10710	1.0
 0.67301	 0.12018	0.0
-0.67301	-0.12018	1.0
 0.66957	 0.13319	0.0
-0.66957	-0.13319	1.0
 0.66589	 0.14610	0.0
-0.66589	-0.14610	1.0
 0.66196	 0.15892	0.0
-0.66196	-0.15892	1.0
 0.65778	 0.17165	0.0
-0.65778	-0.17165	1.0
 0.65336	 0.18427	0.0
-0.65336	-0.18427	1.0
 0.64870	 0.19678	0.0
-0.64870	-0.19678	1.0
 0.64379	 0.20918	0.0
-0.64379	-0.20918	1.0
 0.63865	 0.22147	0.0
-0.63865	-0.22147	1.0
 0.63328	 0.23363	0.0
-0.63328	-0.23363	1.0
 0.62767	 0.24567	0.0
-0.62767	-0.24567	1.0
 0.62184	 0.25758	0.0
-0.62184	-0.25758	1.0
 0.61578	 0.26935	0.0
-0.61578	-0.26935	1.0
 0.60950	 0.28099	0.0
-0.60950	-0.28099	1.0
 0.60300	 0.29248	0.0
-0.60300	-0.29248	1.0
 0.59629	 0.30382	0.0
-0.59629	-0.30382	1.0
 0.58936	 0.31502	0.0
-0.58936	-0.31502	1.0
 0.58222	 0.32606	0.0
-0.58222	-0.32606	1.0
 0.57488	 0.33694	0.0
-0.57488	-0.33694	1.0
 0.56733	 0.34766	0.0
-0.56733	-0.34766	1.0
 0.55959	 0.35822	0.0
-0.55959	-0.35822	1.0
 0.55165	 0.36860	0.0
-0.55165	-0.36860	1.0
 0.54352	 0.37881	0.0
-0.54352	-0.37881	1.0
 0.53520	 0.38884	0.0
-0.53520	-0.38884	1.0
 0.52669	 0.39870	0.0
-0.52669	-0.39870	1.0
 0.51801	 0.40836	0.0
-0.51801	-0.40836	1.0
 0.50915	 0.41785	0.0
-0.50915	-0.41785	1.0
 0.50011	 0.42714	0.0
-0.50011	-0.42714	1.0
 0.49091	 0.43624	0.0
-0.49091	-0.43624	1.0
 0.48155	 0.44514	0.0
-0.48155	-0.44514	1.0
 0.47202	 0.45384	0.0
-0.47202	-0.45384	1.0
 0.46234	 0.46234	0.0
-0.46234	-0.46234	1.0
 0.45251	 0.47063	0.0
-0.45251	-0.47063	1.0
 0.44253	 0.47872	0.0
-0.44253	-0.47872	1.0
 0.43240	 0.48660	0.0
-0.43240	-0.48660	1.0
 0.42214	 0.49426	0.0
-0.42214	-0.49426	1.0
 0.41175	 0.50171	0.0
-0.41175	-0.50171	1.0
 0.40122	 0.50895	0.0
-0.40122	-0.50895	1.0
 0.39057	 0.51596	0.0
-0.39057	-0.51596	1.0
 0.37980	 0.52275	0.0
-0.37980	-0.52275	1.0
 0.36891	 0.52932	0.0
-0.36891	-0.52932	1.0
 0.35792	 0.53566	0.0
-0.35792	-0.53566	1.0
 0.34681	 0.54177	0.0
-0.34681	-0.54177	1.0
 0.33560	 0.54766	0.0
-0.33560	-0.54766	1.0
 0.32430	 0.55331	0.0
-0.32430	-0.55331	1.0
 0.31291	 0.55873	0.0
-0.31291	-0.55873	1.0
 0.30142	 0.56392	0.0
-0.30142	-0.56392	1.0
 0.28986	 0.56887	0.0
-0.28986	-0.56887	1.0
 0.27821	 0.57359	0.0
-0.27821	-0.57359	1.0
 0.26649	 0.57807	0.0
-0.26649	-0.57807	1.0
 0.25471	 0.58231	0.0
-0.25471	-0.58231	1.0
 0.24286	 0.58631	0.0
-0.24286	-0.58631	1.0
 0.23095	 0.59007	0.0
-0.23095	-0.59007	1.0
 0.21899	 0.59359	0.0
-0.21899	-0.59359	1.0
 0.20697	 0.59686	0.0
-0.20697	-0.59686	1.0
 0.19492	 0.59990	0.0
-0.19492	-0.59990	1.0
 0.18282	 0.60269	0.0
-0.18282	-0.60269	1.0
 0.17069	 0.60524	0.0
-0.17069	-0.60524	1.0
 0.15854	 0.60754	0.0
-0.15854	-0.60754	1.0
 0.14635	 0.60960	0.0
-0.14635	-0.60960	1.0
 0.13415	 0.61142	0.0
-0.13415	-0.61142	1.0
 0.12193	 0.61299	0.0
-0.12193	-0.61299	1.0
 0.10970	 0.61432	0.0
-0.10970	-0.61432	1.0
 0.09747	 0.61541	0.0
-0.09747	-0.61541	1.0
 0.08524	 0.61625	0.0
-0.08524	-0.61625	1.0
 0.07301	 0.61685	0.0
-0.07301	-0.61685	1.0
 0.06079	 0.61721	0.0
-0.06079	-0.61721	1.0
 0.04858	 0.61732	0.0
-0.04858	-0.61732	1.0
 0.03640	 0.61720	0.0
-0.03640	-0.61720	1.0
 0.02424	 0.61683	0.0
-0.02424	-0.61683	1.0
 0.01210	 0.61623	0.0
-0.01210	-0.61623	1.0
 0.00000	 0.61538	0.0
-0.00000	-0.61538	1.0
-0.01206	 0.61430	0.0
 0.01206	-0.61430	1.0
-0.02408	 0.61299	0.0
 0.02408	-0.61299	1.0
-0.03606	 0.61144	0.0
 0.03606	-0.61144	1.0
-0.04798	 0.60965	0.0
 0.04798	-0.60965	1.0
-0.05985	 0.60764	0.0
 0.05985	-0.60764	1.0
-0.07165	 0.60539	0.0
 0.07165	-0.60539	1.0
-0.08339	 0.60291	0.0
 0.08339	-0.60291	1.0
-0.09506	 0.60021	0.0
 0.09506	-0.60021	1.0
-0.10666	 0.59728	0.0
 0.10666	-0.59728	1.0
-0.11818	 0.59413	0.0
 0.11818	-0.59413	1.0
-0.12962	 0.59076	0.0
 0.12962	-0.59076	1.0
-0.14097	 0.58716	0.0
 0.14097	-0.58716	1.0
-0.15222	 0.58335	0.0
 0.15222	-0.58335	1.0
-0.16339	 0.57932	0.0
 0.16339	-0.57932	1.0
-0.17445	 0.57508	0.0
 0.17445	-0.57508	1.0
-0.18541	 0.57063	0.0
 0.18541	-0.57063	1.0
-0.19626	 0.56598	0.0
 0.19626	-0.56598	1.0
-0.20700	 0.56111	0.0
 0.20700	-0.56111	1.0
-0.21763	 0.55604	0.0
 0.21763	-0.55604	1.0
-0.22814	 0.55077	0.0
 0.22814	-0.55077	1.0
-0.23852	 0.54531	0.0
 0.23852	-0.54531	1.0
-0.24878	 0.53965	0.0
 0.24878	-0.53965	1.0
-0.25891	 0.53379	0.0
 0.25891	-0.53379	1.0
-0.26890	 0.52775	0.0
 0.26890	-0.52775	1.0
-0.27876	 0.52152	0.0
 0.27876	-0.52152	1.0
-0.28847	 0.51511	0.0
 0.28847	-0.51511	1.0
-0.29805	 0.50852	0.0
 0.29805	-0.50852	1.0
-0.30747	 0.50175	0.0
 0.30747	-0.50175	1.0
-0.31674	 0.49480	0.0
 0.31674	-0.49480	1.0
-0.32586	 0.48769	0.0
 0.32586	-0.48769	1.0
-0.33483	 0.48041	0.0
 0.33483	-0.48041	1.0
-0.34363	 0.47296	0.0
 0.34363	-0.47296	1.0
-0.35227	 0.46536	0.0
 0.35227	-0.46536	1.0
-0.36074	 0.45760	0.0
 0.36074	-0.45760	1.0
-0.36905	 0.44968	0.0
 0.36905	-0.44968	1.0
-0.37718	 0.44162	0.0
 0.37718	-0.44162	1.0
-0.38514	 0.43341	0.0
 0.38514	-0.43341	1.0
-0.39292	 0.42506	0.0
 0.39292	-0.42506	1.0
-0.40052	 0.41657	0.0
 0.40052	-0.41657	1.0
-0.40795	 0.40795	0.0
 0.40795	-0.40795	1.0
-0.41518	 0.39919	0.0
 0.41518	-0.39919	1.0
-0.42224	 0.39031	0.0
 0.42224	-0.39031	1.0
-0.42910	 0.38131	0.0
 0.42910	-0.38131	1.0
-0.43577	 0.37218	0.0
 0.43577	-0.37218	1.0
-0.44225	 0.36295	0.0
 0.44225	-0.36295	1.0
-0.44854	 0.35360	0.0
 0.44854	-0.35360	1.0
-0.45463	 0.34414	0.0
 0.45463	-0.34414	1.0
-0.46052	 0.33459	0.0
 0.46052	-0.33459	1.0
-0.46621	 0.32493	0.0
 0.46621	-0.32493	1.0
-0.47170	 0.31518	0.0
 0.47170	-0.31518	1.0
-0.47699	 0.30534	0.0
 0.47699	-0.30534	1.0
-0.48207	 0.29541	0.0
 0.48207	-0.29541	1.0
-0.48695	 0.28540	0.0
 0.48695	-0.28540	1.0
-0.49162	 0.27532	0.0
 0.49162	-0.27532	1.0
-0.49608	 0.26516	0.0
 0.49608	-0.26516	1.0
-0.50033	 0.25493	0.0
 0.50033	-0.25493	1.0
-0.50438	 0.24464	0.0
 0.50438	-0.24464	1.0
-0.50821	 0.23429	0.0
 0.50821	-0.23429	1.0
-0.51183	 0.22388	0.0
 0.51183	-0.22388	1.0
-0.51524	 0.21342	0.0
 0.51524	-0.21342	1.0
-0.51844	 0.20291	0.0
 0.51844	-0.20291	1.0
-0.52142	 0.19236	0.0
 0.52142	-0.19236	1.0
-0.52419	 0.18177	0.0
 0.52419	-0.18177	1.0
-0.52674	 0.17115	0.0
 0.52674	-0.17115	1.0
-0.52908	 0.16049	0.0
 0.52908	-0.16049	1.0
-0.53120	 0.14981	0.0
 0.53120	-0.14981	1.0
-0.53311	 0.13911	0.0
 0.53311	-0.13911	1.0
-0.53480	 0.12839	0.0
 0.53480	-0.12839	1.0
-0.53628	 0.11766	0.0
 0.53628	-0.11766	1.0
-0.53755	 0.10692	0.0
 0.53755	-0.10692	1.0
-0.53859	 0.09618	0.0
 0.53859	-0.09618	1.0
-0.53943	 0.08544	0.0
 0.53943	-0.08544	1.0
-0.54005	 0.07470	0.0
 0.54005	-0.07470	1.0
-0.54046	 0.06397	0.0
 0.54046	-0.06397	1.0
-0.54065	 0.05325	0.0
 0.54065	-0.05325	1.0
-0.54064	 0.04255	0.0
 0.54064	-0.04255	1.0
-0.54041	 0.03187	0.0
 0.54041	-0.03187	1.0
-0.53997	 0.02122	0.0
 0.53997	-0.02122	1.0
-0.53932	 0.01059	0.0
 0.53932	-0.01059	1.0
-0.53846	 0.00000	0.0
 0.53846	-0.00000	1.0
-0.53740	-0.01055	0.0
 0.53740	 0.01055	1.0
-0.53612	-0.02106	0.0
 0.53612	 0.02106	1.0
-0.53465	-0.03153	0.0
 0.53465	 0.03153	1.0
-0.53297	-0.04195	0.0
 0.53297	 0.04195	1.0
-0.53108	-0.05231	0.0
 0.53108	 0.05231	1.0
-0.52900	-0.06261	0.0
 0.52900	 0.06261	1.0
-0.52672	-0.07285	0.0
 0.52672	 0.07285	1.0
-0.52423	-0.08303	0.0
 0.52423	 0.08303	1.0
-0.52156	-0.09314	0.0
 0.52156	 0.09314	1.0
-0.51868	-0.10317	0.0
 0.51868	 0.10317	1.0
-0.51562	-0.11313	0.0
 0.51562	 0.11313	1.0
-0.51236	-0.12301	0.0
 0.51236	 0.12301	1.0
-0.50892	-0.13280	0.0
 0.50892	 0.13280	1.0
-0.50529	-0.14251	0.0
 0.50529	 0.14251	1.0
-0.50147	-0.15212	0.0
 0.50147	 0.15212	1.0
-0.49748	-0.16164	0.0
 0.49748	 0.16164	1.0
-0.49330	-0.17106	0.0
 0.49330	 0.17106	1.0
-0.48894	-0.18038	0.0
 0.48894	 0.18038	1.0
-0.48441	-0.18959	0.0
 0.48441	 0.18959	1.0
-0.47971	-0.19870	0.0
 0.47971	 0.19870	1.0
-0.47483	-0.20770	0.0
 0.47483	 0.20770	1.0
-0.46979	-0.21658	0.0
 0.46979	 0.21658	1.0
-0.46458	-0.22534	0.0
 0.46458	 0.22534	1.0
-0.45921	-0.23398	0.0
 0.45921	 0.23398	1.0
-0.45368	-0.24250	0.0
 0.45368	 0.24250	1.0
-0.44799	-0.25089	0.0
 0.44799	 0.25089	1.0
-0.44215	-0.25915	0.0
 0.44215	 0.25915	1.0
-0.43616	-0.26728	0.0
 0.43616	 0.26728	1.0
-0.43002	-0.27527	0.0
 0.43002	 0.27527	1.0
-0.42373	-0.28313	0.0
 0.42373	 0.28313	1.0
-0.41730	-0.29084	0.0
 0.41730	 0.29084	1.0
-0.41073	-0.29841	0.0
 0.41073	 0.29841	1.0
-0.40403	-0.30584	0.0
 0.40403	 0.30584	1.0
-0.39719	-0.31312	0.0
 0.39719	 0.31312	1.0
-0.39022	-0.32025	0.0
 0.39022	 0.32025	1.0
-0.38313	-0.32722	0.0
 0.38313	 0.32722	1.0
-0.37591	-0.33404	0.0
 0.37591	 0.33404	1.0
-0.36857	-0.34071	0.0
 0.36857	 0.34071	1.0
-0.36112	-0.34721	0.0
 0.36112	 0.34721	1.0
-0.35355	-0.35355	0.0
 0.35355	 0.35355	1.0
-0.34588	-0.35973	0.0
 0.34588	 0.35973	1.0
-0.33809	-0.36575	0.0
 0.33809	 0.36575	1.0
-0.33021	-0.37160	0.0
 0.33021	 0.37160	1.0
-0.32223	-0.37728	0.0
 0.32223	 0.37728	1.0
-0.31415	-0.38279	0.0
 0.31415	 0.38279	1.0
-0.30598	-0.38813	0.0
 0.30598	 0.38813	1.0
-0.29772	-0.39329	0.0
 0.29772	 0.39329	1.0
-0.28937	-0.39829	0.0
 0.28937	 0.39829	1.0
-0.28095	-0.40310	0.0
 0.28095	 0.40310	1.0
-0.27244	-0.40774	0.0
 0.27244	 0.40774	1.0
-0.26387	-0.41220	0.0
 0.26387	 0.41220	1.0
-0.25522	-0.41648	0.0
 0.25522	 0.41648	1.0
-0.24651	-0.42058	0.0
 0.24651	 0.42058	1.0
-0.23773	-0.42450	0.0
 0.23773	 0.42450	1.0
-0.22890	-0.42824	0.0
 0.22890	 0.42824	1.0
-0.22001	-0.43180	0.0
 0.22001	 0.43180	1.0
-0.21107	-0.43517	0.0
 0.21107	 0.43517	1.0
-0.20208	-0.43835	0.0
 0.20208	 0.43835	1.0
-0.19305	-0.44136	0.0
 0.19305	 0.44136	1.0
-0.18398	-0.44417	0.0
 0.18398	 0.44417	1.0
-0.17488	-0.44680	0.0
 0.17488	 0.44680	1.0
-0.16574	-0.44925	0.0
 0.16574	 0.44925	1.0
-0.15657	-0.45151	0.0
 0.15657	 0.45151	1.0
-0.14738	-0.45358	0.0
 0.14738	 0.45358	1.0
-0.13816	-0.45547	0.0
 0.13816	 0.45547	1.0
-0.12893	-0.45717	0.0
 0.12893	 0.45717	1.0
-0.11969	-0.45868	0.0
 0.11969	 0.45868	1.0
-0.11044	-0.46001	0.0
 0.11044	 0.46001	1.0
-0.10118	-0.46115	0.0
 0.10118	 0.46115	1.0
-0.09192	-0.46210	0.0
 0.09192	 0.46210	1.0
-0.08266	-0.46287	0.0
 0.08266	 0.46287	1.0
-0.07340	-0.46345	0.0
 0.07340	 0.46345	1.0
-0.06416	-0.46385	0.0
 0.06416	 0.46385	1.0
-0.05493	-0.46407	0.0
 0.05493	 0.46407	1.0
-0.04571	-0.46410	0.0
 0.04571	 0.46410	1.0
-0.03651	-0.46395	0.0
 0.03651	 0.46395	1.0
-0.02734	-0.46362	0.0
 0.02734	 0.46362	1.0
-0.01820	-0.46310	0.0
 0.01820	 0.46310	1.0
-0.00908	-0.46241	0.0
 0.00908	 0.46241	1.0
-0.00000	-0.46154	0.0
 0.00000	 0.46154	1.0
 0.00904	-0.46049	0.0
-0.00904	 0.46049	1.0
 0.01804	-0.45926	0.0
-0.01804	 0.45926	1.0
 0.02700	-0.45786	0.0
-0.02700	 0.45786	1.0
 0.03591	-0.45628	0.0
-0.03591	 0.45628	1.0
 0.04477	-0.45453	0.0
-0.04477	 0.45453	1.0
 0.05357	-0.45261	0.0
-0.05357	 0.45261	1.0
 0.06231	-0.45052	0.0
-0.06231	 0.45052	1.0
 0.07100	-0.44826	0.0
-0.07100	 0.44826	1.0
 0.07962	-0.44583	0.0
-0.07962	 0.44583	1.0
 0.08817	-0.44324	0.0
-0.08817	 0.44324	1.0
 0.09665	-0.44048	0.0
-0.09665	 0.44048	1.0
 0.10505	-0.43757	0.0
-0.10505	 0.43757	1.0
 0.11338	-0.43449	0.0
-0.11338	 0.43449	1.0
 0.12163	-0.43125	0.0
-0.12163	 0.43125	1.0
 0.12979	-0.42786	0.0
-0.12979	 0.42786	1.0
 0.13787	-0.42432	0.0
-0.13787	 0.42432	1.0
 0.14586	-0.42062	0.0
-0.14586	 0.42062	1.0
 0.15376	-0.41677	0.0
-0.15376	 0.41677	1.0
 0.16156	-0.41278	0.0
-0.16156	 0.41278	1.0
 0.16926	-0.40864	0.0
-0.16926	 0.40864	1.0
 0.17687	-0.40436	0.0
-0.17687	 0.40436	1.0
 0.18437	-0.39993	0.0
-0.18437	 0.39993	1.0
 0.19177	-0.39537	0.0
-0.19177	 0.39537	1.0
 0.19906	-0.39067	0.0
-0.19906	 0.39067	1.0
 0.20624	-0.38584	0.0
-0.20624	 0.38584	1.0
 0.21330	-0.38088	0.0
-0.21330	 0.38088	1.0
 0.22025	-0.37579	0.0
-0.22025	 0.37579	1.0
 0.22709	-0.37057	0.0
-0.22709	 0.37057	1.0
 0.23380	-0.36523	0.0
-0.23380	 0.36523	1.0
 0.24039	-0.35977	0.0
-0.24039	 0.35977	1.0
 0.24686	-0.35419	0.0
-0.24686	 0.35419	1.0
 0.25320	-0.34850	0.0
-0.25320	 0.34850	1.0
 0.25941	-0.34269	0.0
-0.25941	 0.34269	1.0
 0.26550	-0.33678	0.0
-0.26550	 0.33678	1.0
 0.27145	-0.33076	0.0
-0.27145	 0.33076	1.0
 0.27726	-0.32463	0.0
-0.27726	 0.32463	1.0
 0.28295	-0.31841	0.0
-0.28295	 0.31841	1.0
 0.28849	-0.31209	0.0
-0.28849	 0.31209	1.0
 0.29390	-0.30567	0.0
-0.29390	 0.30567	1.0
 0.29916	-0.29916	0.0
-0.29916	 0.29916	1.0
 0.30428	-0.29256	0.0
-0.30428	 0.29256	1.0
 0.30926	-0.28588	0.0
-0.30926	 0.28588	1.0
 0.31410	-0.27911	0.0
-0.31410	 0.27911	1.0
 0.31879	-0.27227	0.0
-0.31879	 0.27227	1.0
 0.32333	-0.26535	0.0
-0.32333	 0.26535	1.0
 0.32772	-0.25835	0.0
-0.32772	 0.25835	1.0
 0.33196	-0.25129	0.0
-0.33196	 0.25129	1.0
 0.33605	-0.24416	0.0
-0.33605	 0.24416	1.0
 0.33999	-0.23696	0.0
-0.33999	 0.23696	1.0
 0.34378	-0.22971	0.0
-0.34378	 0.22971	1.0
 0.34741	-0.22239	0.0
-0.34741	 0.22239	1.0
 0.35089	-0.21503	0.0
-0.35089	 0.21503	1.0
 0.35422	-0.20761	0.0
-0.35422	 0.20761	1.0
 0.35739	-0.20015	0.0
-0.35739	 0.20015	1.0
 0.36040	-0.19264	0.0
-0.36040	 0.19264	1.0
 0.36326	-0.18509	0.0
-0.36326	 0.18509	1.0
 0.36596	-0.17750	0.0
-0.36596	 0.17750	1.0
 0.36850	-0.16988	0.0
-0.36850	 0.16988	1.0
 0.37088	-0.16223	0.0
-0.37088	 0.16223	1.0
 0.37311	-0.15455	0.0
-0.37311	 0.15455	1.0
 0.37517	-0.14684	0.0
-0.37517	 0.14684	1.0
 0.37708	-0.13911	0.0
-0.37708	 0.13911	1.0
 0.37883	-0.13137	0.0
-0.37883	 0.13137	1.0
 0.38042	-0.12361	0.0
-0.38042	 0.12361	1.0
 0.38186	-0.11583	0.0
-0.38186	 0.11583	1.0
 0.38313	-0.10805	0.0
-0.38313	 0.10805	1.0
 0.38425	-0.10027	0.0
-0.38425	 0.10027	1.0
 0.38521	-0.09248	0.0
-0.38521	 0.09248	1.0
 0.38601	-0.08469	0.0
-0.38601	 0.08469	1.0
 0.38666	-0.07691	0.0
-0.38666	 0.07691	1.0
 0.38714	-0.06914	0.0
-0.38714	 0.06914	1.0
 0.38748	-0.06137	0.0
-0.38748	 0.06137	1.0
 0.38766	-0.05362	0.0
-0.38766	 0.05362	1.0
 0.38768	-0.04588	0.0
-0.38768	 0.04588	1.0
 0.38755	-0.03817	0.0
-0.38755	 0.03817	1.0
 0.38726	-0.03048	0.0
-0.38726	 0.03048	1.0
 0.38683	-0.02281	0.0
-0.38683	 0.02281	1.0
 0.38624	-0.01518	0.0
-0.38624	 0.01518	1.0
 0.38550	-0.00757	0.0
-0.38550	 0.00757	1.0
 0.38462	-0.00000	0.0
-0.38462	 0.00000	1.0
 0.38358	 0.00753	0.0
-0.38358	-0.00753	1.0
 0.38240	 0.01502	0.0
-0.38240	-0.01502	1.0
 0.38107	 0.02247	0.0
-0.38107	-0.02247	1.0
 0.37960	 0.02987	0.0
-0.37960	-0.02987	1.0
 0.37798	 0.03723	0.0
-0.37798	-0.03723	1.0
 0.37622	 0.04453	0.0
-0.37622	-0.04453	1.0
 0.37432	 0.05177	0.0
-0.37432	-0.05177	1.0
 0.37228	 0.05896	0.0
-0.37228	-0.05896	1.0
 0.37011	 0.06609	0.0
-0.37011	-0.06609	1.0
 0.36779	 0.07316	0.0
-0.36779	-0.07316	1.0
 0.36535	 0.08016	0.0
-0.36535	-0.08016	1.0
 0.36277	 0.08709	0.0
-0.36277	-0.08709	1.0
 0.36006	 0.09396	0.0
-0.36006	-0.09396	1.0
 0.35722	 0.10075	0.0
-0.35722	-0.10075	1.0
 0.35425	 0.10746	0.0
-0.35425	-0.10746	1.0
 0.35116	 0.11410	0.0
-0.35116	-0.11410	1.0
 0.34794	 0.12066	0.0
-0.34794	-0.12066	1.0
 0.34460	 0.12713	0.0
-0.34460	-0.12713	1.0
 0.34115	 0.13352	0.0
-0.34115	-0.13352	1.0
 0.33757	 0.13983	0.0
-0.33757	-0.13983	1.0
 0.33388	 0.14604	0.0
-0.33388	-0.14604	1.0
 0.33008	 0.15217	0.0
-0.33008	-0.15217	1.0
 0.32616	 0.15820	0.0
-0.32616	-0.15820	1.0
 0.32213	 0.16414	0.0
-0.32213	-0.16414	1.0
 0.31800	 0.16997	0.0
-0.31800	-0.16997	1.0
 0.31376	 0.17572	0.0
-0.31376	-0.17572	1.0
 0.30942	 0.18136	0.0
-0.30942	-0.18136	1.0
 0.30498	 0.18689	0.0
-0.30498	-0.18689	1.0
 0.30044	 0.19233	0.0
-0.30044	-0.19233	1.0
 0.29581	 0.19765	0.0
-0.29581	-0.19765	1.0
 0.29108	 0.20287	0.0
-0.29108	-0.20287	1.0
 0.28627	 0.20799	0.0
-0.28627	-0.20799	1.0
 0.28136	 0.21299	0.0
-0.28136	-0.21299	1.0
 0.27637	 0.21787	0.0
-0.27637	-0.21787	1.0
 0.27130	 0.22265	0.0
-0.27130	-0.22265	1.0
 0.26614	 0.22731	0.0
-0.26614	-0.22731	1.0
 0.26091	 0.23185	0.0
-0.26091	-0.23185	1.0
 0.25560	 0.23627	0.0
-0.25560	-0.23627	1.0
 0.25022	 0.24058	0.0
-0.25022	-0.24058	1.0
 0.24477	 0.24477	0.0
-0.24477	-0.24477	1.0
 0.23925	 0.24883	0.0
-0.23925	-0.24883	1.0
 0.23366	 0.25278	0.0
-0.23366	-0.25278	1.0
 0.22802	 0.25660	0.0
-0.22802	-0.25660	1.0
 0.22231	 0.26029	0.0
-0.22231	-0.26029	1.0
 0.21655	 0.26386	0.0
-0.21655	-0.26386	1.0
 0.21073	 0.26731	0.0
-0.21073	-0.26731	1.0
 0.20486	 0.27063	0.0
-0.20486	-0.27063	1.0
 0.19894	 0.27382	0.0
-0.19894	-0.27382	1.0
 0.19298	 0.27689	0.0
-0.19298	-0.27689	1.0
 0.18697	 0.27982	0.0
-0.18697	-0.27982	1.0
 0.18092	 0.28263	0.0
-0.18092	-0.28263	1.0
 0.17484	 0.28531	0.0
-0.17484	-0.28531	1.0
 0.16871	 0.28785	0.0
-0.16871	-0.28785	1.0
 0.16256	 0.29027	0.0
-0.16256	-0.29027	1.0
 0.15638	 0.29256	0.0
-0.15638	-0.29256	1.0
 0.15017	 0.29472	0.0
-0.15017	-0.29472	1.0
 0.14393	 0.29674	0.0
-0.14393	-0.29674	1.0
 0.13767	 0.29864	0.0
-0.13767	-0.29864	1.0
 0.13140	 0.30040	0.0
-0.13140	-0.30040	1.0
 0.12511	 0.30204	0.0
-0.12511	-0.30204	1.0
 0.11880	 0.30354	0.0
-0.11880	-0.30354	1.0
 0.11249	 0.30491	0.0
-0.11249	-0.30491	1.0
 0.10616	 0.30615	0.0
-0.10616	-0.30615	1.0
 0.09984	 0.30726	0.0
-0.09984	-0.30726	1.0
 0.09351	 0.30825	0.0
-0.09351	-0.30825	1.0
 0.08717	 0.30910	0.0
-0.08717	-0.30910	1.0
 0.08085	 0.30982	0.0
-0.08085	-0.30982	1.0
 0.07452	 0.31041	0.0
-0.07452	-0.31041	1.0
 0.06821	 0.31087	0.0
-0.06821	-0.31087	1.0
 0.06190	 0.31121	0.0
-0.06190	-0.31121	1.0
 0.05561	 0.31142	0.0
-0.05561	-0.31142	1.0
 0.04934	 0.31150	0.0
-0.04934	-0.31150	1.0
 0.04308	 0.31146	0.0
-0.04308	-0.31146	1.0
 0.03684	 0.31129	0.0
-0.03684	-0.31129	1.0
 0.03063	 0.31100	0.0
-0.03063	-0.31100	1.0
 0.02444	 0.31058	0.0
-0.02444	-0.31058	1.0
 0.01828	 0.31004	0.0
-0.01828	-0.31004	1.0
 0.01216	 0.30938	0.0
-0.01216	-0.30938	1.0
 0.00606	 0.30859	0.0
-0.00606	-0.30859	1.0
 0.00000	 0.30769	0.0
-0.00000	-0.30769	1.0
-0.00602	 0.30667	0.0
 0.00602	-0.30667	1.0
-0.01200	 0.30553	0.0
 0.01200	-0.30553	1.0
-0.01794	 0.30428	0.0
 0.01794	-0.30428	1.0
-0.02384	 0.30291	0.0
 0.02384	-0.30291	1.0
-0.02969	 0.30143	0.0
 0.02969	-0.30143	1.0
-0.03549	 0.29983	0.0
 0.03549	-0.29983	1.0
-0.04124	 0.29812	0.0
 0.04124	-0.29812	1.0
-0.04693	 0.29631	0.0
 0.04693	-0.29631	1.0
-0.05257	 0.29438	0.0
 0.05257	-0.29438	1.0
-0.05815	 0.29235	0.0
 0.05815	-0.29235	1.0
-0.06367	 0.29021	0.0
 0.06367	-0.29021	1.0
-0.06914	 0.28797	0.0
 0.06914	-0.28797	1.0
-0.07453	 0.28563	0.0
 0.07453	-0.28563	1.0
-0.07987	 0.28318	0.0
 0.07987	-0.28318	1.0
-0.08513	 0.28064	0.0
 0.08513	-0.28064	1.0
-0.09033	 0.27800	0.0
 0.09033	-0.27800	1.0
-0.09545	 0.27527	0.0
 0.09545	-0.27527	1.0
-0.10051	 0.27244	0.0
 0.10051	-0.27244	1.0
-0.10549	 0.26952	0.0
 0.10549	-0.26952	1.0
-0.11039	 0.26650	0.0
 0.11039	-0.26650	1.0
-0.11522	 0.26340	0.0
 0.11522	-0.26340	1.0
-0.11996	 0.26022	0.0
 0.11996	-0.26022	1.0
-0.12463	 0.25695	0.0
 0.12463	-0.25695	1.0
-0.12921	 0.25359	0.0
 0.12921	-0.25359	1.0
-0.13371	 0.25016	0.0
 0.13371	-0.25016	1.0
-0.13813	 0.24665	0.0
 0.13813	-0.24665	1.0
-0.14246	 0.24306	0.0
 0.14246	-0.24306	1.0
-0.14670	 0.23940	0.0
 0.14670	-0.23940	1.0
-0.15086	 0.23566	0.0
 0.15086	-0.23566	1.0
-0.15492	 0.23185	0.0
 0.15492	-0.23185	1.0
-0.15889	 0.22798	0.0
 0.15889	-0.22798	1.0
-0.16277	 0.22404	0.0
 0.16277	-0.22404	1.0
-0.16656	 0.22003	0.0
 0.16656	-0.22003	1.0
-0.17025	 0.21596	0.0
 0.17025	-0.21596	1.0
-0.17385	 0.21183	0.0
 0.17385	-0.21183	1.0
-0.17735	 0.20765	0.0
 0.17735	-0.20765	1.0
-0.18075	 0.20341	0.0
 0.18075	-0.20341	1.0
-0.18406	 0.19911	0.0
 0.18406	-0.19911	1.0
-0.18727	 0.19477	0.0
 0.18727	-0.19477	1.0
-0.19037	 0.19037	0.0
 0.19037	-0.19037	1.0
-0.19338	 0.18593	0.0
 0.19338	-0.18593	1.0
-0.19629	 0.18145	0.0
 0.19629	-0.18145	1.0
-0.19910	 0.17692	0.0
 0.19910	-0.17692	1.0
-0.20180	 0.17235	0.0
 0.20180	-0.17235	1.0
-0.20440	 0.16775	0.0
 0.20440	-0.16775	1.0
-0.20690	 0.16311	0.0
 0.20690	-0.16311	1.0
-0.20930	 0.15843	0.0
 0.20930	-0.15843	1.0
-0.21159	 0.15373	0.0
 0.21159	-0.15373	1.0
-0.21378	 0.14899	0.0
 0.21378	-0.14899	1.0
-0.21586	 0.14423	0.0
 0.21586	-0.14423	1.0
-0.21784	 0.13945	0.0
 0.21784	-0.13945	1.0
-0.21972	 0.13464	0.0
 0.21972	-0.13464	1.0
-0.22149	 0.12982	0.0
 0.22149	-0.12982	1.0
-0.22316	 0.12497	0.0
 0.22316	-0.12497	1.0
-0.22472	 0.12012	0.0
 0.22472	-0.12012	1.0
-0.22618	 0.11524	0.0
 0.22618	-0.11524	1.0
-0.22753	 0.11036	0.0
 0.22753	-0.11036	1.0
-0.22878	 0.10547	0.0
 0.22878	-0.10547	1.0
-0.22993	 0.10057	0.0
 0.22993	-0.10057	1.0
-0.23097	 0.09567	0.0
 0.23097	-0.09567	1.0
-0.23191	 0.09077	0.0
 0.23191	-0.09077	1.0
-0.23274	 0.08586	0.0
 0.23274	-0.08586	1.0
-0.23348	 0.08096	0.0
 0.23348	-0.08096	1.0
-0.23411	 0.07607	0.0
 0.23411	-0.07607	1.0
-0.23463	 0.07118	0.0
 0.23463	-0.07118	1.0
-0.23506	 0.06629	0.0
 0.23506	-0.06629	1.0
-0.23539	 0.06142	0.0
 0.23539	-0.06142	1.0
-0.23561	 0.05657	0.0
 0.23561	-0.05657	1.0
-0.23574	 0.05172	0.0
 0.23574	-0.05172	1.0
-0.23577	 0.04690	0.0
 0.23577	-0.04690	1.0
-0.23569	 0.04209	0.0
 0.23569	-0.04209	1.0
-0.23553	 0.03730	0.0
 0.23553	-0.03730	1.0
-0.23526	 0.03254	0.0
 0.23526	-0.03254	1.0
-0.23490	 0.02780	0.0
 0.23490	-0.02780	1.0
-0.23444	 0.02309	0.0
 0.23444	-0.02309	1.0
-0.23389	 0.01841	0.0
 0.23389	-0.01841	1.0
-0.23325	 0.01376	0.0
 0.23325	-0.01376	1.0
-0.23251	 0.00914	0.0
 0.23251	-0.00914	1.0
-0.23169	 0.00455	0.0
 0.23169	-0.00455	1.0
-0.23077	 0.00000	0.0
 0.23077	-0.00000	1.0
-0.22976	-0.00451	0.0
 0.22976	 0.00451	1.0
-0.22867	-0.00898	0.0
 0.22867	 0.00898	1.0
-0.22749	-0.01342	0.0
 0.22749	 0.01342	1.0
-0.22622	-0.01780	0.0
 0.22622	 0.01780	1.0
-0.22487	-0.02215	0.0
 0.22487	 0.02215	1.0
-0.22344	-0.02645	0.0
 0.22344	 0.02645	1.0
-0.22193	-0.03070	0.0
 0.22193	 0.03070	1.0
-0.22033	-0.03490	0.0
 0.22033	 0.03490	1.0
-0.21866	-0.03905	0.0
 0.21866	 0.03905	1.0
-0.21690	-0.04314	0.0
 0.21690	 0.04314	1.0
-0.21508	-0.04719	0.0
 0.21508	 0.04719	1.0
-0.21317	-0.05118	0.0
 0.21317	 0.05118	1.0
-0.21120	-0.05511	0.0
 0.21120	 0.05511	1.0
-0.20915	-0.05899	0.0
 0.20915	 0.05899	1.0
-0.20703	-0.06280	0.0
 0.20703	 0.06280	1.0
-0.20484	-0.06656	0.0
 0.20484	 0.06656	1.0
-0.20259	-0.07025	0.0
 0.20259	 0.07025	1.0
-0.20027	-0.07388	0.0
 0.20027	 0.07388	1.0
-0.19788	-0.07745	0.0
 0.19788	 0.07745	1.0
-0.19544	-0.08095	0.0
 0.19544	 0.08095	1.0
-0.19293	-0.08439	0.0
 0.19293	 0.08439	1.0
-0.19036	-0.08776	0.0
 0.19036	 0.08776	1.0
-0.18774	-0.09106	0.0
 0.18774	 0.09106	1.0
-0.18506	-0.09429	0.0
 0.18506	 0.09429	1.0
-0.18232	-0.09745	0.0
 0.18232	 0.09745	1.0
-0.17953	-0.10054	0.0
 0.17953	 0.10054	1.0
-0.17669	-0.10356	0.0
 0.17669	 0.10356	1.0
-0.17381	-0.10651	0.0
 0.17381	 0.10651	1.0
-0.17087	-0.10938	0.0
 0.17087	 0.10938	1.0
-0.16789	-0.11218	0.0
 0.16789	 0.11218	1.0
-0.16487	-0.11491	0.0
 0.16487	 0.11491	1.0
-0.16180	-0.11756	0.0
 0.16180	 0.11756	1.0
-0.15870	-0.12013	0.0
 0.15870	 0.12013	1.0
-0.15555	-0.12263	0.0
 0.15555	 0.12263	1.0
-0.15237	-0.12505	0.0
 0.15237	 0.12505	1.0
-0.14916	-0.12739	0.0
 0.14916	 0.12739	1.0
-0.14591	-0.12966	0.0
 0.14591	 0.12966	1.0
-0.14263	-0.13184	0.0
 0.14263	 0.13184	1.0
-0.13932	-0.13395	0.0
 0.13932	 0.13395	1.0
-0.13598	-0.13598	0.0
 0.13598	 0.13598	1.0
-0.13262	-0.13793	0.0
 0.13262	 0.13793	1.0
-0.12923	-0.13980	0.0
 0.12923	 0.13980	1.0
-0.12582	-0.14160	0.0
 0.12582	 0.14160	1.0
-0.12240	-0.14331	0.0
 0.12240	 0.14331	1.0
-0.11895	-0.14494	0.0
 0.11895	 0.14494	1.0
-0.11548	-0.14649	0.0
 0.11548	 0.14649	1.0
-0.11201	-0.14796	0.0
 0.11201	 0.14796	1.0
-0.10851	-0.14936	0.0
 0.10851	 0.14936	1.0
-0.10501	-0.15067	0.0
 0.10501	 0.15067	1.0
-0.10150	-0.15190	0.0
 0.10150	 0.15190	1.0
-0.09798	-0.15306	0.0
 0.09798	 0.15306	1.0
-0.09445	-0.15413	0.0
 0.09445	 0.15413	1.0
-0.09092	-0.15513	0.0
 0.09092	 0.15513	1.0
-0.08739	-0.15604	0.0
 0.08739	 0.15604	1.0
-0.08385	-0.15688	0.0
 0.08385	 0.15688	1.0
-0.08032	-0.15764	0.0
 0.08032	 0.15764	1.0
-0.07679	-0.15832	0.0
 0.07679	 0.15832	1.0
-0.07327	-0.15893	0.0
 0.07327	 0.15893	1.0
-0.06975	-0.15945	0.0
 0.06975	 0.15945	1.0
-0.06623	-0.15990	0.0
 0.06623	 0.15990	1.0
-0.06273	-0.16028	0.0
 0.06273	 0.16028	1.0
-0.05924	-0.16058	0.0
 0.05924	 0.16058	1.0
-0.05576	-0.16080	0.0
 0.05576	 0.16080	1.0
-0.05230	-0.16095	0.0
 0.05230	 0.16095	1.0
-0.04885	-0.16102	0.0
 0.04885	 0.16102	1.0
-0.04541	-0.16103	0.0
 0.04541	 0.16103	1.0
-0.04200	-0.16096	0.0
 0.04200	 0.16096	1.0
-0.03861	-0.16082	0.0
 0.03861	 0.16082	1.0
-0.03524	-0.16060	0.0
 0.03524	 0.16060	1.0
-0.03189	-0.16032	0.0
 0.03189	 0.16032	1.0
-0.02857	-0.15997	0.0
 0.02857	 0.15997	1.0
-0.02527	-0.15955	0.0
 0.02527	 0.15955	1.0
-0.02200	-0.15906	0.0
 0.02200	 0.15906	1.0
-0.01876	-0.15851	0.0
 0.01876	 0.15851	1.0
-0.01555	-0.15789	0.0
 0.01555	 0.15789	1.0
-0.01237	-0.15721	0.0
 0.01237	 0.15721	1.0
-0.00923	-0.15646	0.0
 0.00923	 0.15646	1.0
-0.00612	-0.15565	0.0
 0.00612	 0.15565	1.0
-0.00304	-0.15478	0.0
 0.00304	 0.15478	1.0
 0.00000	-0.15385	0.0
-0.00000	 0.15385	1.0
 0.00300	-0.15286	0.0
-0.00300	 0.15286	1.0
 0.00596	-0.15181	0.0
-0.00596	 0.15181	1.0
 0.00889	-0.15070	0.0
-0.00889	 0.15070	1.0
 0.01177	-0.14954	0.0
-0.01177	 0.14954	1.0
 0.01461	-0.14832	0.0
-0.01461	 0.14832	1.0
 0.01740	-0.14705	0.0
-0.01740	 0.14705	1.0
 0.02016	-0.14573	0.0
-0.02016	 0.14573	1.0
 0.02286	-0.14435	0.0
-0.02286	 0.14435	1.0
 0.02552	-0.14293	0.0
-0.02552	 0.14293	1.0
 0.02814	-0.14146	0.0
-0.02814	 0.14146	1.0
 0.03070	-0.13994	0.0
-0.03070	 0.13994	1.0
 0.03322	-0.13838	0.0
-0.03322	 0.13838	1.0
 0.03569	-0.13677	0.0
-0.03569	 0.13677	1.0
 0.03811	-0.13511	0.0
-0.03811	 0.13511	1.0
 0.04047	-0.13342	0.0
-0.04047	 0.13342	1.0
 0.04279	-0.13168	0.0
-0.04279	 0.13168	1.0
 0.04505	-0.12991	0.0
-0.04505	 0.12991	1.0
 0.04726	-0.12810	0.0
-0.04726	 0.12810	1.0
 0.04941	-0.12625	0.0
-0.04941	 0.12625	1.0
 0.05152	-0.12437	0.0
-0.05152	 0.12437	1.0
 0.05356	-0.12245	0.0
-0.05356	 0.12245	1.0
 0.05555	-0.12050	0.0
-0.05555	 0.12050	1.0
 0.05749	-0.11852	0.0
-0.05749	 0.11852	1.0
 0.05937	-0.11652	0.0
-0.05937	 0.11652	1.0
 0.06119	-0.11448	0.0
-0.06119	 0.11448	1.0
 0.06296	-0.11242	0.0
-0.06296	 0.11242	1.0
 0.06467	-0.11033	0.0
-0.06467	 0.11033	1.0
 0.06632	-0.10822	0.0
-0.06632	 0.10822	1.0
 0.06791	-0.10609	0.0
-0.06791	 0.10609	1.0
 0.06945	-0.10393	0.0
-0.06945	 0.10393	1.0
 0.07092	-0.10176	0.0
-0.07092	 0.10176	1.0
 0.07234	-0.09957	0.0
-0.07234	 0.09957	1.0
 0.07370	-0.09737	0.0
-0.07370	 0.09737	1.0
 0.07501	-0.09514	0.0
-0.07501	 0.09514	1.0
 0.07625	-0.09291	0.0
-0.07625	 0.09291	1.0
 0.07743	-0.09066	0.0
-0.07743	 0.09066	1.0
 0.07856	-0.08841	0.0
-0.07856	 0.08841	1.0
 0.07963	-0.08614	0.0
-0.07963	 0.08614	1.0
 0.08064	-0.08387	0.0
-0.08064	 0.08387	1.0
 0.08159	-0.08159	0.0
-0.08159	 0.08159	1.0
 0.08248	-0.07931	0.0
-0.08248	 0.07931	1.0
 0.08332	-0.07702	0.0
-0.08332	 0.07702	1.0
 0.08409	-0.07473	0.0
-0.08409	 0.07473	1.0
 0.08481	-0.07244	0.0
-0.08481	 0.07244	1.0
 0.08548	-0.07015	0.0
-0.08548	 0.07015	1.0
 0.08608	-0.06786	0.0
-0.08608	 0.06786	1.0
 0.08663	-0.06558	0.0
-0.08663	 0.06558	1.0
 0.08712	-0.06330	0.0
-0.08712	 0.06330	1.0
 0.08756	-0.06103	0.0
-0.08756	 0.06103	1.0
 0.08794	-0.05876	0.0
-0.08794	 0.05876	1.0
 0.08827	-0.05651	0.0
-0.08827	 0.05651	1.0
 0.08854	-0.05426	0.0
-0.08854	 0.05426	1.0
 0.08876	-0.05202	0.0
-0.08876	 0.05202	1.0
 0.08893	-0.04980	0.0
-0.08893	 0.04980	1.0
 0.08904	-0.04759	0.0
-0.08904	 0.04759	1.0
 0.08910	-0.04540	0.0
-0.08910	 0.04540	1.0
 0.08911	-0.04322	0.0
-0.08911	 0.04322	1.0
 0.08907	-0.04106	0.0
-0.08907	 0.04106	1.0
 0.08898	-0.03892	0.0
-0.08898	 0.03892	1.0
 0.08883	-0.03680	0.0
-0.08883	 0.03680	1.0
 0.08864	-0.03469	0.0
-0.08864	 0.03469	1.0
 0.08841	-0.03261	0.0
-0.08841	 0.03261	1.0
 0.08812	-0.03056	0.0
-0.08812	 0.03056	1.0
 0.08779	-0.02852	0.0
-0.08779	 0.02852	1.0
 0.08741	-0.02652	0.0
-0.08741	 0.02652	1.0
 0.08699	-0.02453	0.0
-0.08699	 0.02453	1.0
 0.08653	-0.02258	0.0
-0.08653	 0.02258	1.0
 0.08602	-0.02065	0.0
-0.08602	 0.02065	1.0
 0.08547	-0.01875	0.0
-0.08547	 0.01875	1.0
 0.08488	-0.01688	0.0
-0.08488	 0.01688	1.0
 0.08424	-0.01504	0.0
-0.08424	 0.01504	1.0
 0.08357	-0.01324	0.0
-0.08357	 0.01324	1.0
 0.08286	-0.01146	0.0
-0.08286	 0.01146	1.0
 0.08212	-0.00972	0.0
-0.08212	 0.00972	1.0
 0.08134	-0.00801	0.0
-0.08134	 0.00801	1.0
 0.08052	-0.00634	0.0
-0.08052	 0.00634	1.0
 0.07967	-0.00470	0.0
-0.07967	 0.00470	1.0
 0.07879	-0.00310	0.0
-0.07879	 0.00310	1.0
 0.07787	-0.00153	0.0
-0.07787	 0.00153	1.0